Random Forest Model Summary:
R-squared: 0.5603421145881127
Feature Importances:
ofi_pca_lagged: 0.5606327830187388
volume: 0.3025390291187446
volatility: 0.13682818786251677
