Random Forest Model Summary:
R-squared: 0.7567325630706212
Feature Importances:
ofi_pca_lagged: 0.5618905038402224
volume: 0.267446273202654
volatility: 0.17066322295712355
