Random Forest Model Summary:
R-squared: 0.43086754079168976
Feature Importances:
ofi_pca_lagged: 0.6345448804462268
volume: 0.13597329296509017
volatility: 0.229481826588683
