Random Forest Model Summary:
R-squared: 0.7143886006569691
Feature Importances:
ofi_pca_lagged: 0.6451954112393685
volume: 0.2301904995302715
volatility: 0.12461408923035994
